dem/basin5.asc
NCOLS 471
NROWS 482
XLLCORNER 313420.000000
YLLCORNER 5632511.000000
CELLSIZE 10.000000
NODATA_VALUE -99999.000000
[rows 208 to 233 of 482, columns 118 to 176 of 471]
503.7281 503.1509 502.5278 501.9703 501.5245 501.3980 501.2773 501.2794 501.1303 500.7651 500.2483 500.1652 501.1314 501.0367 500.9942 501.0048 500.9797 501.0477 501.0113 501.0095 501.0611 501.1273 501.0986 501.0834 501.0901 501.1136 501.2011 501.2686 501.4014 501.5008 501.5769 501.6523 501.7878 501.9122 502.0589 502.1259 502.2398 502.3563 502.4434 502.4637 502.7070 502.9044 503.1955 503.4745 503.7005 503.9677 504.1256 504.1444 503.9761 503.8053 503.8619 504.0400 504.1652 504.2119 504.0752 501.9955 501.6145 501.7605 501.7500
502.5567 502.0645 501.7345 501.5450 501.3017 501.3608 501.2898 501.1795 500.5811 500.1761 500.2106 500.7273 501.0970 500.9947 501.0316 500.9609 501.0091 500.9839 500.9580 501.0233 501.1297 501.1730 501.2342 501.2775 501.3439 501.4061 501.5116 501.6028 501.7866 501.9016 502.0058 502.0952 502.3026 502.4245 502.5663 502.6303 502.8392 502.9850 503.0741 503.0804 503.4424 503.6481 503.8859 504.0741 504.1870 504.3901 504.5166 504.5289 504.2111 504.0952 504.1495 504.2225 504.2573 504.2502 504.1675 502.2361 501.7103 501.8547 501.8102
501.7166 501.2503 501.2230 501.1667 501.1295 500.9991 500.7692 500.5334 500.1178 500.3434 500.8806 501.0939 500.9898 500.9942 500.9702 500.9505 500.9669 500.9153 501.0041 501.1797 501.2583 501.3497 501.4533 501.5256 501.6886 501.7583 501.8994 502.0511 502.2892 502.4484 502.5880 502.7015 502.9822 503.1267 503.1980 503.2861 503.4955 503.6572 503.7381 503.7566 504.2213 504.3958 504.5061 504.5641 504.5497 504.6688 504.7381 504.7519 504.4197 504.3023 504.3495 504.4009 504.3889 504.3108 504.2059 502.5827 501.8844 502.0280 501.8814
500.9992 500.7800 500.6412 500.5441 500.3522 500.2260 500.2403 500.2283 500.6787 501.0317 501.1358 501.0587 501.0242 501.0059 500.9326 500.9328 501.0700 501.2478 501.4526 501.4283 501.5186 501.5881 501.7264 501.8138 502.0677 502.2186 502.4047 502.5674 502.9206 503.0942 503.2936 503.4892 503.8053 503.9547 503.9764 503.9908 504.1850 504.3763 504.4831 504.4906 504.8694 504.9717 504.9819 504.9252 504.8288 504.8734 504.8881 504.8680 504.5856 504.4553 504.4427 504.4594 504.4691 504.3709 504.3406 503.0100 502.0592 502.1328 502.1462
500.5067 500.2700 500.4964 500.9906 501.1100 501.2324 501.2581 501.2761 501.1877 501.0798 501.0327 501.0170 501.1663 501.2844 501.3456 501.4836 501.9424 502.0903 502.1008 502.1859 502.3895 502.4733 502.5573 502.6731 503.0847 503.3053 503.6095 503.9031 504.4876 504.7525 504.9848 505.2126 505.6175 505.6548 505.5167 505.4255 505.5531 505.6772 505.7258 505.6613 505.5581 505.5908 505.5047 505.3287 505.1631 505.1616 505.1324 505.0505 504.8087 504.7083 504.6647 504.6411 504.5851 504.4964 504.5130 504.3180 502.5887 502.4670 502.2400
500.3033 500.6258 501.5669 501.6347 501.2680 501.2395 501.1776 501.1466 501.1200 501.1556 501.2306 501.3195 501.5592 501.6511 501.7437 501.9078 502.2819 502.3955 502.5176 502.6778 502.9692 503.0963 503.2272 503.2969 503.8098 503.9725 504.3387 504.6733 505.2364 505.4677 505.6855 505.9337 506.2619 506.2591 506.1070 506.0472 506.1500 506.2130 506.1769 506.0388 505.8320 505.8047 505.7006 505.5095 505.3031 505.2617 505.2173 505.1175 504.9320 504.8622 504.7809 504.7130 504.6086 504.5144 504.5273 504.5842 502.6652 502.6905 502.7130
500.6133 501.3644 501.5286 501.3434 501.1180 501.0736 501.0811 501.1286 501.1646 501.2114 501.3350 501.4991 501.7661 501.8875 502.0036 502.1581 502.5597 502.7220 502.9483 503.1777 503.6497 503.8567 504.0195 504.1098 504.6230 504.7969 505.0806 505.4005 505.8869 506.0812 506.3155 506.5674 506.6859 506.6445 506.5573 506.5420 506.6420 506.6389 506.5639 506.3673 506.0139 505.9205 505.7750 505.6299 505.4313 505.3739 505.3114 505.2051 505.0514 504.9970 504.8819 504.7766 504.6339 504.5597 504.5761 504.6639 502.7516 502.9681 503.1980
501.2316 501.3328 501.1564 501.1035 501.1063 501.1225 501.1423 501.2238 501.3663 501.4584 501.6080 501.8075 502.1523 502.3152 502.4803 502.6320 502.9869 503.2328 503.4771 503.8036 504.4214 504.6617 504.8513 504.9495 505.3591 505.4992 505.7211 506.0408 506.4808 506.6284 506.8161 507.0131 507.0125 506.9516 506.9147 506.9830 507.0389 506.9785 506.8602 506.6142 506.1833 506.0119 505.8773 505.7491 505.5978 505.5267 505.4158 505.2675 505.1184 505.0641 504.9724 504.8703 504.6334 504.5697 504.6059 504.7591 502.7325 502.7062 503.2061
501.1924 501.1947 501.1953 501.2272 501.3694 501.4709 501.5534 501.6734 502.0514 502.2497 502.4909 502.7577 503.2412 503.5189 503.8897 504.2258 504.3230 504.5530 504.9455 505.2600 505.9955 506.1439 506.3051 506.3467 506.5723 506.6310 506.6183 506.6922 507.0374 507.1419 507.2863 507.3841 507.4022 507.3581 507.3603 507.4855 507.5978 507.5691 507.5039 507.2377 506.7556 506.6148 506.5014 506.3642 506.1044 505.9278 505.7719 505.5916 505.3376 505.2941 505.2437 505.1103 504.7403 504.6156 504.6670 504.7947 502.8658 502.6520 503.2750
501.3312 501.3661 501.3591 501.3650 501.5586 501.7216 501.8409 501.9951 502.4033 502.6584 502.9330 503.2125 503.8156 504.1258 504.5569 504.9920 505.0559 505.2141 505.6164 505.8861 506.4858 506.6055 506.7072 506.7338 506.9031 506.9822 506.9794 506.9811 507.1647 507.2639 507.3612 507.4041 507.4569 507.5003 507.5339 507.6272 507.7594 507.7836 507.7477 507.5391 507.1006 506.9842 506.9594 506.8780 506.5278 506.2117 505.9598 505.7506 505.3976 505.3306 505.2659 505.1256 504.8350 504.7137 504.7056 504.8040 502.8984 502.6916 503.1451
501.4852 501.5619 501.5948 501.6455 501.9037 502.0650 502.2249 502.4519 502.8939 503.1794 503.5020 503.7766 504.4053 504.7361 505.1181 505.5434 505.7283 505.8398 506.2112 506.4617 506.6731 506.7769 506.8833 506.9345 506.9866 507.0889 507.1395 507.1230 507.2416 507.3091 507.3640 507.4120 507.6425 507.7437 507.7866 507.8180 507.8956 507.9319 507.9058 507.7747 507.4590 507.3405 507.3369 507.3303 506.8803 506.5248 506.1611 505.8510 505.4630 505.2866 505.1903 505.0865 504.8700 504.7372 504.7467 505.0953 502.6064 502.5963 502.5880
501.7313 501.8452 501.9453 502.1019 502.4542 502.6183 502.7522 503.0208 503.5458 503.8136 504.1911 504.4973 505.0480 505.3614 505.6459 505.9306 506.2334 506.3777 506.6533 506.7666 506.8280 506.9545 507.0898 507.0881 506.9609 507.0528 507.1358 507.1886 507.2958 507.3585 507.4026 507.5259 508.0273 508.1548 508.0961 508.0497 508.0191 508.0391 508.0314 507.9558 507.7394 507.6472 507.6308 507.6106 507.1696 506.8098 506.3439 505.9453 505.4742 505.2676 505.0977 505.0139 504.9219 504.7958 504.8134 504.9444 502.4814 502.3675 502.2802
503.1139 503.0645 503.1711 503.5848 504.0928 504.2144 504.2555 504.3050 504.8427 505.0772 505.2812 505.5898 506.1345 506.3697 506.5776 506.7369 507.0611 507.1555 507.2047 507.1762 507.2744 507.3925 507.3997 507.2637 506.8814 506.8905 507.0398 507.2919 507.6928 507.8644 508.0131 508.2256 508.7714 508.8571 508.6755 508.4763 508.3383 508.3387 508.3006 508.2136 508.0402 508.0447 508.0236 507.8861 507.3636 507.0278 506.6633 506.2464 505.5992 505.3820 505.1938 505.0625 504.9306 504.8287 504.8928 504.9567 503.5094 503.5663 503.5383
503.8286 503.7616 503.7939 504.1703 504.6767 504.8159 504.8139 504.7894 505.2592 505.5197 505.6872 505.8488 506.3599 506.5947 506.7730 506.9052 507.1650 507.2703 507.3237 507.3105 507.4103 507.4250 507.3603 507.2280 507.0328 507.0623 507.2130 507.5345 508.1664 508.3880 508.5598 508.7453 509.0355 509.0176 508.8642 508.6886 508.5470 508.5298 508.4764 508.3906 508.2197 508.1559 508.1080 508.0206 507.5522 507.2511 506.9334 506.5240 505.8042 505.5809 505.3831 505.1787 504.9245 504.8255 504.9067 504.9213 504.4817 504.2162 503.4449
504.6256 504.5584 504.4516 504.6852 505.1372 505.2908 505.3044 505.2963 505.7002 505.9800 506.1172 506.2050 506.6138 506.8026 506.9395 507.0413 507.1909 507.2889 507.3163 507.3816 507.4922 507.4306 507.3280 507.2555 507.3370 507.4406 507.6644 508.0639 508.6848 508.8264 508.9177 509.0383 509.0984 508.9987 508.8552 508.7491 508.6861 508.6459 508.5567 508.4844 508.3208 508.2145 508.1428 508.0364 507.5947 507.3575 507.0565 506.7144 506.0486 505.7577 505.5142 505.2709 505.0048 504.8873 504.9601 504.8048 504.3775 504.1769 504.0694
505.1894 505.2064 505.1536 505.1387 505.3220 505.4777 505.5880 505.6666 506.0053 506.3312 506.5597 506.7447 507.1153 507.1514 507.1802 507.2650 507.3605 507.4362 507.3580 507.3859 507.5133 507.5289 507.5064 507.6042 507.8269 507.9925 508.2855 508.6963 509.1223 509.1356 509.1859 509.1134 509.1806 509.0591 508.9186 508.8098 508.7464 508.7227 508.6159 508.5353 508.3597 508.2366 508.0992 507.9631 507.5255 507.2973 507.0386 506.7588 506.1627 505.8589 505.6003 505.3756 505.0576 504.9174 504.9458 504.7703 504.2676 504.1350 504.0229
505.5336 505.4962 505.3506 505.2137 505.1853 505.2950 505.4559 505.6150 505.9364 506.1436 506.4138 506.8114 507.4026 507.3470 507.3305 507.5052 507.5466 507.3092 507.1366 507.1542 507.6836 508.0826 508.2224 508.4480 508.8445 508.9089 509.0023 509.0800 509.1172 508.6490 508.2451 508.4645 509.5164 509.4810 509.2583 509.0744 508.7952 508.9730 509.0430 508.9337 508.5345 508.3847 508.1822 507.8995 507.6416 507.5075 507.3186 507.1706 506.7823 506.6136 506.2888 505.8224 505.2756 505.1506 505.0787 504.8177 504.4298 504.2209 504.0992
505.5961 505.5061 505.3412 505.1389 505.0963 505.2389 505.4347 505.6987 506.1133 506.2787 506.4480 506.7834 507.5491 507.6522 507.6819 507.8248 507.8642 507.5911 507.2672 507.3286 508.1081 508.3708 508.4522 508.6764 508.9852 509.0041 509.0789 509.1669 509.3409 508.9122 508.3597 508.5844 509.5045 509.3690 509.0705 508.8687 508.6630 508.8717 509.0758 508.9691 508.5166 508.3767 508.1853 507.9333 507.7195 507.5215 507.2994 507.0486 506.5333 506.2859 505.9852 505.6181 505.0792 504.9000 504.9253 504.6475 504.4839 504.3136 504.1134
505.5900 505.3833 505.2161 505.0641 505.1577 505.3270 505.6241 505.9597 506.4548 506.5959 506.6686 506.8433 507.5108 507.8535 508.0984 508.2678 508.3919 508.3169 508.2344 508.2922 508.4639 508.4788 508.5709 508.7230 509.0228 509.1181 509.2320 509.3067 509.3956 509.1703 508.9551 509.0480 509.3524 509.2783 509.0967 508.9167 508.6316 508.8278 509.0306 508.9884 508.5919 508.3430 508.1225 507.9234 507.6801 507.5312 507.2598 506.9194 506.3995 506.1439 505.8521 505.5013 505.0414 504.8898 504.9523 504.6420 504.4708 504.3272 504.1806
505.4323 505.2609 505.1805 505.1870 505.4673 505.7120 506.0630 506.4567 506.9039 506.9594 506.9622 506.9844 507.4375 507.8598 508.2717 508.4922 508.7726 508.9666 509.0523 509.0403 508.8056 508.6384 508.5916 508.7051 509.1189 509.3290 509.4888 509.4992 509.2676 509.2553 509.2505 509.3698 509.4167 509.3534 509.2234 509.0251 508.6566 508.6622 508.7725 508.6931 508.5697 508.3903 508.1437 507.9842 507.7631 507.5205 507.2411 506.8511 506.3819 506.2533 505.9938 505.6642 505.0586 504.8508 504.9348 504.6909 504.3159 504.3298 504.2784
505.5094 505.5986 505.7831 506.0903 506.7431 506.9131 507.1097 507.4213 507.6788 507.5795 507.4925 507.4859 507.5016 507.6858 508.0472 508.4603 508.8855 509.0273 509.1716 509.2792 509.1258 508.8758 508.8224 508.9017 509.3041 509.5124 509.5677 509.3644 508.9713 508.8891 508.8750 508.9138 509.1767 509.3991 509.4188 509.3550 508.9395 508.6736 508.4197 508.3519 508.3225 508.1978 507.9508 507.7841 507.7155 507.4042 507.1033 506.8169 506.5294 506.4564 506.2322 505.8942 505.1750 504.8692 504.9081 504.6195 504.2231 504.0798 504.0447
505.7916 505.9620 506.2325 506.6445 507.2919 507.3820 507.4550 507.5647 507.5933 507.5927 507.6478 507.6919 507.6536 507.7270 507.9352 508.2333 508.7589 508.8662 509.0111 509.0674 509.1228 508.8945 508.8931 509.0432 509.0702 509.1203 509.0575 508.9342 508.4659 508.2578 508.3555 508.5920 508.8791 509.2330 509.3098 509.3647 509.0278 508.7723 508.3405 508.1409 508.2462 508.1897 507.9403 507.7386 507.5909 507.3016 507.0161 506.8138 506.6192 506.5209 506.3228 505.9881 505.2073 504.9144 504.8420 504.4655 504.2470 504.0616 503.8069
506.1528 506.3730 506.6855 507.0959 507.6875 507.6430 507.5530 507.4969 507.3667 507.4245 507.5175 507.6069 507.7412 507.7906 507.8692 508.0280 508.5700 508.7361 508.9728 509.0086 509.0670 508.9344 508.9855 509.1350 508.9545 508.8766 508.7386 508.6658 508.0063 507.8564 507.9939 508.2697 508.6772 509.1030 509.1858 509.2802 508.9612 508.6950 508.1934 507.8817 508.1228 508.3236 508.1030 507.8488 507.5470 507.2547 506.9403 506.8212 506.6591 506.5292 506.3477 506.0736 505.3076 504.9763 504.9058 504.4416 504.1812 504.0461 503.6344
506.4305 506.6581 506.9427 507.3597 507.7263 507.5952 507.4447 507.3383 507.1956 507.2324 507.2666 507.3542 507.6011 507.7502 507.8397 507.9361 508.3633 508.5512 508.8655 509.0334 509.0142 508.9642 509.0242 509.1192 509.0375 508.7942 508.5717 508.4534 507.9103 507.8759 508.1131 508.2989 508.7791 509.1811 509.2260 509.2428 508.9184 508.6322 508.1005 507.7836 507.9449 508.0955 508.0753 508.0086 507.4917 507.1880 506.9731 506.9047 506.7053 506.5361 506.3863 506.2036 505.4489 505.0305 504.9213 504.4362 503.9745 503.9039 503.4370
506.7981 507.0037 507.1392 507.2762 507.2940 507.2025 507.1218 507.0929 507.0497 506.9386 506.7848 506.7405 507.1176 507.3834 507.5944 507.8321 508.1201 508.2397 508.5311 508.7881 508.6030 508.3855 508.3187 508.5289 509.0161 508.8425 508.6446 508.6768 508.3758 508.3523 508.6899 508.9952 509.3549 509.5720 509.4671 509.4330 509.2751 509.0178 508.5028 507.9814 508.2889 508.1819 508.0746 507.9088 507.5591 507.3322 507.1236 507.0533 506.8400 506.6848 506.5035 506.2901 505.7050 505.2102 504.9716 504.4515 503.5839 503.3764 502.9714
506.9405 507.0778 507.1445 507.2063 507.1914 507.1417 507.0653 507.0405 506.8998 506.6490 506.5208 506.4908 506.8480 507.1775 507.4528 507.6677 508.0989 508.2366 508.5887 509.0764 508.4572 508.0166 507.8716 508.1122 508.7863 508.6767 508.6386 508.8737 508.8281 508.6686 508.6200 508.8717 509.1320 509.2274 509.3091 509.3739 509.4062 509.1074 508.8169 508.4261 508.4373 508.1820 508.0836 507.8792 507.5684 507.3680 507.1649 507.0409 506.8447 506.6497 506.4220 506.1900 505.6834 505.2700 504.9153 504.3348 503.4606 503.2495 502.9039
