dem/basin5.asc
NCOLS 471
NROWS 482
XLLCORNER 313420.000000
YLLCORNER 5632511.000000
CELLSIZE 10.000000
NODATA_VALUE -99999.000000
[rows 78 to 103 of 482, columns 118 to 176 of 471]
508.3578 508.3767 508.6480 508.8145 508.6941 508.3337 508.5808 509.0364 509.1345 509.0211 508.9600 508.8794 508.7544 508.7370 508.5667 508.4486 508.6349 508.9026 509.1114 509.1401 508.8872 509.0165 509.3142 509.5534 510.0180 510.1600 510.1741 510.0122 509.2402 509.3969 509.6039 509.6139 509.7166 509.7544 509.7933 509.9155 510.4688 -99999.0000 -99999.0000 -99999.0000 -99999.0000 -99999.0000 -99999.0000 -99999.0000 -99999.0000 -99999.0000 -99999.0000 -99999.0000 -99999.0000 -99999.0000 -99999.0000 -99999.0000 509.1292 509.4280 509.9125 510.0880 509.8541 509.6022 509.1533
508.2394 508.4533 508.5092 508.4859 508.2844 508.5381 508.9211 509.1864 509.2442 509.1206 508.9655 508.7678 508.5053 508.4855 508.4756 508.4820 508.7022 508.9604 509.1815 509.3606 509.2808 509.0135 509.3358 509.6273 510.0151 509.9734 509.7309 509.4661 509.0709 509.2941 509.4531 509.3516 509.6417 509.8062 509.9725 510.2040 510.6970 510.7128 -99999.0000 -99999.0000 -99999.0000 -99999.0000 -99999.0000 -99999.0000 -99999.0000 -99999.0000 -99999.0000 -99999.0000 -99999.0000 -99999.0000 -99999.0000 509.6222 509.6380 509.8516 510.0623 510.0419 509.7469 509.4661 509.4142
508.5200 508.5094 508.3516 508.2341 508.4411 508.6605 508.7461 508.6619 508.5492 508.5183 508.5261 508.7978 508.7729 508.7103 508.5867 508.4817 508.6181 509.0375 509.3637 509.5228 509.6095 509.5097 509.1309 509.1888 509.0620 509.0745 509.2374 509.4689 509.4841 509.4859 509.2533 509.1105 509.6136 510.0234 510.4672 510.7980 510.6674 510.5584 510.6081 510.7964 -99999.0000 -99999.0000 -99999.0000 -99999.0000 -99999.0000 -99999.0000 -99999.0000 -99999.0000 -99999.0000 509.6573 509.9245 510.2225 510.1970 509.9502 509.6866 509.5214 509.6634 509.7555 509.7075
508.6853 508.7613 508.6556 508.5186 508.3770 508.4092 508.4164 508.3320 508.3619 508.4008 508.6948 509.0508 509.0837 508.9138 508.6072 508.4178 508.6545 509.0172 509.2592 509.3084 509.4902 509.5731 509.4389 509.1384 509.0439 509.1494 509.4763 509.6784 509.6406 509.5009 509.1936 509.1036 509.7459 510.2330 510.7224 511.0023 510.7445 510.5983 510.6826 510.8753 511.0237 -99999.0000 -99999.0000 -99999.0000 -99999.0000 -99999.0000 -99999.0000 509.6809 509.6217 509.6717 510.0053 510.3220 510.1733 509.7297 509.5995 509.5416 509.8217 509.7573 509.6783
508.5474 508.7611 508.8381 508.7892 508.5555 508.5269 508.4864 508.4764 508.4397 508.5215 508.8239 509.1419 509.1166 508.8789 508.5158 508.4245 508.7044 509.0091 509.1158 509.1095 509.3855 509.5867 509.6049 509.4100 509.2319 509.3663 509.6300 509.7142 509.6783 509.4511 509.1789 509.1291 510.0006 510.4698 510.8744 511.0664 510.8414 510.6247 510.7092 510.8764 511.1102 511.0155 -99999.0000 -99999.0000 -99999.0000 509.6584 509.7225 509.8500 509.7587 509.6483 509.9756 510.2778 510.0900 509.6699 509.5564 509.5667 509.7598 509.6155 509.4275
508.1841 508.4584 508.7020 508.7969 508.5956 508.6019 508.6086 508.5602 508.5955 508.6803 508.8711 509.0659 508.9802 508.8395 508.6806 508.5548 508.5969 508.7766 508.9920 509.1080 509.4048 509.6231 509.6706 509.6189 509.5494 509.5881 509.6652 509.7034 509.6437 509.3444 509.1352 509.1995 510.2112 510.6300 510.9486 511.0748 510.7753 510.6014 510.6438 510.8116 511.0528 510.9673 510.7617 510.4569 509.9144 509.7867 509.8317 509.9570 509.8641 509.6002 509.7925 510.0898 510.0534 509.7825 509.5705 509.5592 509.6225 509.4069 509.0295
508.2448 508.1705 508.1191 508.3966 508.4056 508.3667 508.1306 508.0570 508.1586 508.3908 508.6248 508.7339 508.7509 508.7731 508.7914 508.6873 508.6428 508.9028 509.1839 509.2795 509.5573 509.7921 509.8394 509.7997 509.8225 509.8414 509.8156 509.7271 509.6153 509.5492 509.5003 509.6392 510.3195 510.6619 510.9456 511.0603 510.7475 510.6733 510.7133 510.7961 510.8005 510.7634 510.6783 510.4895 509.9778 509.8100 509.7895 509.8984 509.8684 509.5361 509.4220 509.5647 509.9769 509.9442 509.8163 509.7005 509.7167 509.6761 509.6230
508.4831 508.5734 508.3561 508.0264 508.1769 508.1920 508.0555 508.0147 507.9867 508.1389 508.4146 508.4719 508.5564 508.5995 508.6852 508.8521 509.1783 509.2787 509.2973 509.2592 509.4617 509.7523 509.8711 509.8603 509.8514 509.8783 509.8659 509.8067 509.7280 509.6974 509.6825 509.7892 510.3336 510.6750 510.9372 511.0634 510.9392 510.8844 510.9105 510.9450 510.8064 510.7258 510.6509 510.4771 509.9713 509.7924 509.7642 509.8833 509.8869 509.5820 509.4117 509.4680 509.8275 509.8911 509.8569 509.7827 509.7578 509.6841 509.5698
508.8244 508.7822 508.5003 508.1434 508.0851 508.1119 508.0462 508.0000 507.9867 508.0480 508.2292 508.3011 508.4659 508.5795 508.8123 509.1613 509.5255 509.4559 509.3633 509.2533 509.4031 509.6914 509.9153 509.9587 509.8294 509.8022 509.8344 509.8609 509.8189 509.7584 509.7202 509.8294 510.3391 510.7095 510.9576 511.0631 511.0961 511.0826 511.0864 511.0592 510.8330 510.7025 510.6013 510.4156 509.9081 509.7372 509.7183 509.8616 509.9181 509.6801 509.4830 509.4567 509.6678 509.7288 509.7342 509.7095 509.5197 509.4225 509.2592
509.1189 508.9034 508.5278 508.1747 507.9180 508.1030 508.0572 508.0063 508.0250 508.0553 508.2345 508.4069 508.7202 508.8852 509.0927 509.4555 509.6697 509.5187 509.3881 509.1414 509.3230 509.6189 509.9194 510.0433 509.9199 509.8319 509.8287 509.8450 509.8630 509.8123 509.8214 509.9303 510.3358 510.6658 510.9117 510.9992 511.0998 511.1311 511.1438 511.0820 510.8247 510.6984 510.5755 510.3665 509.8069 509.6376 509.6145 509.7511 509.9008 509.7781 509.6228 509.5162 509.5939 509.5775 509.5559 509.5009 509.1614 509.0233 508.9041
509.3931 509.0312 508.5969 508.2959 508.0308 508.0506 508.0494 508.0355 508.1653 508.3170 508.5989 508.9280 509.4531 509.5139 509.5880 509.7156 509.5673 509.4011 509.0822 508.8127 508.7566 509.3131 509.8348 510.1267 510.2042 510.0503 509.8919 509.8563 509.9841 509.9641 509.9814 510.0347 510.4650 510.8319 510.9611 510.8081 510.8358 510.9573 510.9983 510.9269 510.6602 510.4819 510.2812 510.0206 509.6000 509.4853 509.4199 509.4300 509.6024 509.7456 509.8303 509.7398 509.3858 509.2366 509.1136 509.0060 508.7580 508.6622 508.6792
509.2450 508.8712 508.4870 508.1212 508.2211 508.1308 508.0645 508.0989 508.3036 508.5413 508.9195 509.2589 509.4308 509.3305 509.3458 509.4591 509.3853 509.1947 508.8678 508.7086 508.7859 509.3578 509.8814 510.1845 510.2467 510.1445 510.0197 509.9650 510.0794 510.0787 510.0375 510.0278 510.6408 511.1358 511.2952 510.9917 510.6350 510.7525 510.8511 510.8117 510.4648 510.2292 509.9747 509.7128 509.4594 509.4213 509.3653 509.2961 509.3714 509.5433 509.6825 509.6241 509.2062 509.0392 508.9005 508.8242 508.8291 508.7855 508.7517
509.0528 508.7031 508.2833 507.8788 508.3923 508.3581 508.1700 508.1330 508.5100 508.7702 509.1945 509.4533 509.0286 508.8680 508.9456 509.1183 509.1088 508.8434 508.7150 508.8039 509.2322 509.6653 510.0303 510.2464 510.1805 510.1364 510.0559 509.9847 510.1153 510.1572 510.1039 510.0789 510.7425 511.3711 511.6817 511.3558 510.6103 510.6434 510.7302 510.6767 510.2475 509.9763 509.7241 509.5119 509.3705 509.3777 509.3269 509.2419 509.1842 509.2889 509.3620 509.3092 508.9998 508.8616 508.7030 508.6189 508.9225 508.9509 508.8581
508.9722 508.4834 507.9034 508.0936 508.6112 508.6091 508.3325 508.1248 508.5170 508.9066 509.3681 509.5262 508.7645 508.6559 508.6934 508.7597 508.8495 508.8481 508.8309 509.1011 509.6969 509.9277 510.2128 510.3086 510.0220 510.0374 510.0080 509.9386 510.0478 510.1247 510.1181 510.1078 510.7949 511.5187 511.9691 511.7333 510.8474 510.7891 510.8086 510.6913 510.1722 509.9122 509.6966 509.5201 509.4242 509.4378 509.4077 509.3284 509.1828 509.1248 509.0758 508.9937 508.7781 508.6770 508.5336 508.4587 508.8547 508.8853 508.7641
507.9383 508.1897 508.7080 508.8744 509.1963 509.1009 508.7014 508.3092 508.7776 509.2809 509.5695 509.6117 509.0916 508.7563 508.5952 508.7247 509.2534 509.2967 509.3223 509.4761 509.8983 510.0817 510.1966 510.0650 509.4538 509.5355 509.5845 509.5934 509.9933 510.1811 510.2908 510.3708 511.0080 511.6739 512.1984 512.2260 511.6719 511.5895 511.5309 511.3370 510.6178 510.4080 510.2645 510.0900 509.9830 509.9703 509.8304 509.6599 509.6092 509.7073 509.7033 509.5513 509.0289 508.7616 508.5509 508.4367 508.3683 508.3430 508.2473
508.2808 508.8759 509.1180 509.2148 509.3680 509.1392 508.6459 508.3480 509.0234 509.3599 509.5105 509.5161 509.2075 509.0681 508.8775 508.7080 509.2575 509.3606 509.4774 509.6619 509.9094 509.9592 509.9562 509.7517 509.4394 509.4452 509.4548 509.5600 510.2027 510.4588 510.6173 510.7070 511.1327 511.6531 512.1042 512.1763 511.8459 511.7956 511.7294 511.5358 510.9744 510.8666 510.7567 510.5781 510.3170 510.2050 510.0002 509.7795 509.8269 510.0201 510.0775 509.9367 509.3427 508.9908 508.6781 508.4273 508.2323 508.2172 508.2108
508.8689 509.1681 509.2419 509.2609 509.3370 508.9728 508.4778 508.4359 509.1647 509.3133 509.2580 509.1406 509.1278 509.1486 509.0728 508.7403 509.2800 509.4709 509.6708 509.8241 509.8184 509.7591 509.5903 509.6003 509.4595 509.4549 509.4983 509.6995 510.4483 510.7636 510.9711 511.0413 511.2359 511.5870 511.9308 512.0173 511.8244 511.7900 511.7169 511.5731 511.3078 511.2667 511.1608 510.9342 510.3925 510.2166 510.0325 509.8525 509.9450 510.0553 510.0394 509.9061 509.3555 509.0231 508.7015 508.4545 508.2050 508.1708 508.2411
508.9800 509.1483 509.1848 509.2327 509.2577 508.7939 508.3558 508.5103 509.1300 509.1172 508.8291 508.6883 508.9392 509.0125 508.9956 508.7155 509.2637 509.5083 509.7241 509.8211 509.6548 509.4914 509.6797 510.0205 509.9028 509.7773 509.7420 509.9328 510.6803 510.9972 511.1895 511.2528 511.3180 511.5214 511.7441 511.8289 511.7423 511.7123 511.6456 511.5402 511.4022 511.3577 511.1952 510.8653 510.1700 510.0466 509.9903 509.9283 509.8730 509.8067 509.6898 509.5161 509.1286 508.8945 508.6734 508.5154 508.2188 508.1456 508.1694
-99999.0000 -99999.0000 509.1456 509.2064 508.7103 508.4717 508.4977 508.6947 509.2445 509.0339 508.6764 508.6380 508.6170 508.6350 508.7803 508.9533 509.2830 509.4384 509.5505 509.5331 509.2151 509.2672 509.5486 509.9102 510.2720 510.1711 510.0711 510.1476 510.7028 510.9388 511.1130 511.1997 511.2087 511.2984 511.3959 511.4175 511.3911 511.3684 511.2625 511.1430 510.9944 510.8223 510.5169 510.1578 509.7581 509.7834 509.8311 509.7892 509.1783 508.7208 508.4326 508.4242 508.6462 508.5737 508.4617 508.3574 508.2333 508.1692 508.0864
-99999.0000 -99999.0000 -99999.0000 509.1476 508.4478 508.5983 508.9261 509.1252 509.5116 509.3613 508.9114 508.6190 508.7286 508.7727 508.9317 509.1159 509.2930 509.4048 509.4797 509.4305 509.0759 509.1066 509.3792 509.7467 510.1231 510.0919 510.0815 510.1758 510.5938 510.7844 510.9375 511.0444 511.0756 511.1073 511.1559 511.1588 511.0312 510.9603 510.8401 510.7380 510.6620 510.4942 510.2300 509.9720 509.6605 509.6053 509.5411 509.4620 508.9242 508.5450 508.3847 508.3886 508.3683 508.2844 508.1956 508.0711 508.1072 508.0667 507.9767
-99999.0000 -99999.0000 -99999.0000 509.1356 508.5216 508.8970 509.3058 509.4561 509.6644 509.4980 509.0472 508.5988 508.7923 508.8301 508.9513 509.1780 509.3117 509.3803 509.3969 509.2908 508.9670 508.9809 509.2414 509.6017 509.9088 509.9447 510.0094 510.1376 510.4512 510.5944 510.7605 510.9139 510.9078 510.8925 510.9322 510.9149 510.6725 510.5628 510.4623 510.4277 510.4181 510.2545 510.0281 509.8552 509.4817 509.3155 509.1986 509.1164 508.8535 508.7139 508.6384 508.6402 508.4630 508.2014 508.0269 507.9388 507.9983 507.9277 507.7942
-99999.0000 -99999.0000 -99999.0000 509.2198 508.8538 509.1809 509.4344 509.5901 509.7302 509.4800 509.1046 508.6440 508.8733 509.0366 509.1548 509.2584 509.3808 509.3589 509.2341 509.0663 508.9139 508.9469 509.1841 509.4902 509.7747 509.8503 509.9237 510.0394 510.1988 510.3005 510.5266 510.7630 510.7349 510.6786 510.7130 510.6884 510.3950 510.2748 510.2086 510.2126 510.1495 509.9788 509.7863 509.6947 509.3391 509.1211 508.9667 508.8575 508.8116 508.8184 508.7567 508.6728 508.4277 508.2599 508.1067 507.9601 507.9261 507.8730 507.7647
-99999.0000 -99999.0000 -99999.0000 509.4796 509.3739 509.3842 509.4491 509.5019 509.4658 509.1522 508.7134 508.5156 509.0603 509.2316 509.3619 509.4373 509.3878 509.1078 508.8259 508.7859 508.9595 509.0708 509.2055 509.3564 509.7244 509.8505 509.7856 509.6766 509.5002 509.5616 509.8108 510.1381 510.2767 510.2828 510.2833 510.1866 509.9578 509.9256 509.9314 509.8976 509.7062 509.5944 509.5056 509.5226 509.2920 509.0167 508.7631 508.5442 508.2723 508.2147 508.1547 508.1116 508.3122 508.4261 508.3602 508.1212 507.8155 507.8897 507.9967
-99999.0000 -99999.0000 509.3574 509.5311 509.4764 509.4711 509.3514 509.1077 509.0667 508.8145 508.5900 508.5556 509.0556 509.2934 509.4333 509.4770 509.2859 508.9520 508.8053 508.8434 509.1761 509.1761 509.1724 509.2844 509.6423 509.7598 509.6344 509.3722 509.0970 509.2575 509.6206 509.9297 510.1042 510.1299 510.1225 510.0383 509.7653 509.7064 509.7217 509.7247 509.6477 509.6119 509.5814 509.5809 509.2939 508.9761 508.6700 508.4277 508.0203 507.8883 507.7776 507.8647 508.2466 508.3202 508.2059 508.0127 507.7072 507.8275 507.9905
-99999.0000 -99999.0000 509.4191 509.6136 509.6041 509.6152 509.2797 508.7617 508.6497 508.5587 508.5367 508.5466 509.2173 509.4174 509.4664 509.4314 509.2044 508.8666 508.7739 508.8448 509.3103 509.2491 509.1439 509.1898 509.4731 509.5608 509.4026 509.0608 508.9280 509.2020 509.6580 509.9208 510.0203 510.0569 510.0720 509.9953 509.6503 509.5448 509.5226 509.5537 509.6022 509.6455 509.6602 509.6269 509.2211 508.8933 508.5861 508.3403 507.9472 507.8120 507.7364 507.8927 508.1780 508.1364 507.9856 507.8100 507.3353 507.5342 507.8319
-99999.0000 -99999.0000 509.5995 509.7256 509.6852 509.6350 509.2902 508.7461 508.9309 508.8883 508.7831 508.6101 509.3195 509.4175 509.3438 509.2731 509.1609 508.9081 508.7637 508.9150 509.3783 509.3080 509.1539 509.1252 509.3177 509.3742 509.2495 508.9344 508.9528 509.3325 509.7286 509.9081 509.9612 510.0631 510.1005 510.0278 509.6537 509.5319 509.4578 509.4494 509.4984 509.5916 509.5945 509.4920 509.0677 508.7960 508.5298 508.3147 507.9258 507.7970 507.7691 507.9209 508.1155 507.9961 507.8013 507.4630 507.1608 507.4302 507.6444
