dem/basin5.asc
NCOLS 471
NROWS 482
XLLCORNER 313420.000000
YLLCORNER 5632511.000000
CELLSIZE 10.000000
NODATA_VALUE -99999.000000
[rows 390 to 415 of 482, columns 59 to 117 of 471]
508.8392 508.7258 509.1394 508.7981 508.9780 509.1755 509.2558 509.1006 509.0380 508.9472 508.8861 508.6030 508.5803 508.4841 508.5331 508.8172 508.6131 508.5595 508.5858 508.4456 508.4650 508.5578 508.6150 508.8056 508.8739 508.9141 508.8290 508.2577 508.2805 508.6628 508.8608 508.8069 508.6389 508.6006 508.3581 508.2789 508.2086 508.4581 508.6028 508.6381 508.5833 508.6297 508.7277 508.8795 509.0014 509.1088 509.1689 509.0972 509.0173 508.9872 508.9547 508.8034 508.6606 508.5445 508.4786 508.1914 508.3911 508.6775 508.8304
509.9822 509.3923 508.6633 508.8341 508.9662 509.1077 509.1237 508.9241 508.9233 508.9345 508.9045 508.5597 508.5391 508.4962 508.5322 508.6738 508.5517 508.5764 508.7161 508.7834 508.8297 508.9017 508.9752 508.9497 508.9417 508.8100 508.6664 508.5569 508.7014 508.9203 508.9984 508.7487 508.5988 508.4763 508.0483 507.9659 508.0540 508.3592 508.4700 508.5800 508.6063 508.6931 508.7877 508.8661 508.8627 508.8645 508.9337 508.9981 508.8858 508.8252 508.7841 508.6161 508.4266 508.2555 508.4994 508.4433 508.6253 508.8247 508.8898
508.4334 508.9055 509.7100 509.6061 508.7405 508.5955 508.7464 508.5405 508.6320 508.8147 508.8927 508.7680 508.6936 508.7327 508.8109 508.6975 508.4169 508.5086 508.7531 508.9555 508.9734 508.8684 508.7239 508.3637 508.4016 508.4719 508.4536 508.6495 508.8587 508.7972 508.7592 508.8733 508.6930 508.3978 507.9770 508.3706 508.5372 508.5075 508.4739 508.4989 508.5994 508.6614 508.6281 508.2364 507.9959 508.3494 508.7400 508.3912 508.1431 508.3175 508.5255 508.5612 508.0602 507.7525 508.2151 508.6777 508.8847 508.9695 508.9003
508.5300 508.3536 508.4224 509.8380 509.9075 509.3656 508.5120 508.3556 508.5694 508.7603 508.8561 508.9286 508.9505 508.9656 508.9630 508.7794 508.5266 508.5339 508.7120 508.8672 508.7008 508.4545 508.2645 507.9297 508.1526 508.3506 508.3748 508.5700 508.7520 508.6324 508.6745 508.9578 508.7419 508.4595 507.9892 508.2450 508.5986 508.6306 508.5661 508.3128 508.1519 508.0566 508.0595 508.2991 508.2466 508.5317 508.7531 508.6039 508.5922 508.6792 508.7350 508.7027 508.3628 507.6914 507.8683 508.7573 508.9734 509.0473 508.9797
509.4189 508.7850 508.3287 508.5706 509.2878 509.8227 509.7722 508.1361 508.3011 508.6713 508.8012 508.9445 509.0228 508.9764 508.8975 508.7402 508.5728 508.5455 508.7139 508.7758 508.4645 508.0833 507.8002 507.8031 508.0569 508.2850 508.2800 508.5038 508.6696 508.5298 508.6850 508.8305 508.7647 508.3820 507.9739 508.2026 508.6889 508.7431 508.6581 508.0533 507.7673 507.5801 507.5547 508.2370 508.4811 508.6701 508.7786 508.6742 508.7014 508.7517 508.7489 508.7297 508.4375 507.7245 507.8670 508.7805 509.0353 509.1350 509.0694
509.5363 509.6105 509.2125 508.1459 508.1789 508.6975 509.4492 509.5189 508.6255 508.1817 508.4763 508.7856 508.8351 508.7308 508.6180 508.5786 508.5127 508.5389 508.6931 508.7678 508.4256 508.0075 507.5795 507.7456 507.8541 508.1483 508.2570 508.5091 508.6725 508.6969 508.8641 508.6747 508.6758 508.3250 507.9533 508.2866 508.7888 508.7681 508.6263 508.0152 507.8648 507.5819 507.4449 508.2519 508.6942 508.7550 508.7126 508.5287 508.6201 508.6608 508.6595 508.6891 508.4144 507.9636 508.3383 508.8510 509.0681 509.1614 509.0697
509.0120 508.5234 508.6692 509.5517 509.3706 508.7028 508.2509 508.2398 508.9153 509.6195 509.7016 508.4255 508.3304 508.4473 508.4527 508.3181 508.5869 508.7588 508.8474 508.8521 508.4294 507.9683 507.6864 508.1817 508.3438 508.5837 508.6898 508.7559 509.0992 508.8984 508.6541 508.4141 508.2679 507.9460 507.9545 508.0214 508.6433 508.7188 508.5267 508.2592 507.9164 507.8083 507.9880 508.7386 508.7825 508.6013 508.5164 508.5786 508.2766 508.1815 508.4333 508.4047 508.4083 508.2378 508.2903 508.8533 509.0663 509.0580 508.8233
509.8287 509.4572 508.8472 508.8202 509.3697 509.4967 509.2081 508.2189 508.1288 508.4370 509.2613 509.5977 508.9940 508.4870 508.3761 508.2195 508.6052 508.9081 508.9849 508.8252 508.5098 508.1167 507.8866 508.4597 508.6855 508.7849 508.8376 508.8656 509.0314 508.6775 508.5653 508.3908 508.0033 507.9417 508.0267 508.0338 508.6674 508.9684 508.7025 508.5783 508.2048 508.1322 508.3667 508.7690 508.6772 508.4961 508.3403 508.2817 508.1599 507.9491 508.0511 508.2864 508.2894 508.0758 508.0725 508.7430 508.9970 509.0466 508.9456
509.6452 509.8502 509.7350 508.7139 508.4956 508.9362 509.3950 509.0481 508.4200 508.1351 508.2637 509.4283 509.7167 509.4636 508.6244 508.2569 508.4436 508.7213 508.7911 508.7592 508.6056 508.3830 508.1841 508.6688 508.8376 508.9413 508.9802 508.9083 508.9584 508.6366 508.6363 508.3564 508.0166 507.9214 507.9906 508.1038 508.8009 509.2378 508.9536 508.5712 508.4171 508.3764 508.4741 508.5509 508.4727 508.3127 508.0281 508.1255 508.3505 508.3100 507.9536 508.1597 508.2213 508.0797 508.1795 508.7580 508.9594 508.9774 508.9469
508.6269 509.2151 509.7299 509.6461 509.0980 508.5480 508.5175 509.4781 509.4136 508.8678 508.2380 508.2438 508.9344 509.5912 509.6809 508.5319 508.3317 508.4092 508.5019 508.6613 508.6211 508.5547 508.5369 508.8220 508.9481 509.0303 509.0134 508.7975 508.7255 508.4770 508.4617 508.3180 508.1490 507.9791 507.9641 508.4537 508.9664 509.2023 508.9756 508.5703 508.6217 508.5936 508.5790 508.5231 508.3875 508.2933 508.1501 508.4336 508.5647 508.5837 508.1583 508.0394 508.1859 508.1578 508.3362 508.8519 508.9191 508.8756 508.8208
508.7897 508.6814 508.4563 508.8442 509.5422 509.8516 509.7956 508.7755 508.5264 508.7740 509.2527 509.0044 508.3555 508.1006 508.1673 509.3978 509.6875 509.4941 508.8323 508.4144 508.5831 508.5825 508.5977 508.7461 508.7659 508.7148 508.7133 508.2272 507.7836 507.8947 508.1600 508.0300 508.0017 508.0875 508.4158 508.6660 508.7436 508.6916 508.7198 508.6351 508.6553 508.6419 508.5542 508.4222 508.4817 508.5483 508.6509 508.6547 508.6398 508.5759 508.0901 508.3002 508.2272 508.3586 508.5384 508.7358 508.6083 508.5462 508.5687
508.8919 509.0678 509.0130 508.3256 508.4625 509.0399 509.6964 509.7064 509.1728 508.6183 508.4931 509.3269 509.3105 508.8448 508.2742 508.2275 508.9091 509.5831 509.6628 508.6736 508.2311 508.4288 508.4803 508.5575 508.5275 508.5064 508.5283 508.3208 508.1710 508.4030 508.5225 508.0081 507.9666 508.0112 508.1322 508.4995 508.5761 508.5889 508.6805 508.6242 508.5566 508.4463 508.4559 508.4764 508.6102 508.6714 508.7430 508.7041 508.6894 508.5513 507.9423 508.0630 508.3384 508.5306 508.6855 508.5884 508.4142 508.3867 508.4856
508.5320 509.0491 509.1392 508.7436 508.4777 508.4192 508.6125 509.7964 509.8553 509.6030 509.0069 508.5559 508.9860 509.3330 509.2475 508.1178 508.0653 508.3272 509.1074 509.5797 508.9869 508.2695 508.3763 508.4586 508.4377 508.4973 508.5967 508.7037 508.6748 508.6627 508.6139 508.0102 508.0833 508.0609 508.0072 508.2938 508.3869 508.4692 508.4736 508.5608 508.5502 508.4503 508.3795 508.6025 508.6390 508.6769 508.6833 508.8331 508.8636 508.7059 508.0930 507.8627 508.4272 508.5803 508.7105 508.4427 508.2581 508.2623 508.3883
508.0906 508.2594 508.7344 508.8605 508.8770 508.6447 508.3813 508.8328 509.4948 509.8616 509.8488 508.8842 508.5520 508.6473 509.1178 509.0284 508.3680 508.0495 508.0842 509.1530 509.5873 509.4341 508.8106 508.4075 508.5327 508.6769 508.8234 508.8306 508.7625 508.6478 508.6509 508.0631 508.0383 508.0661 508.0097 507.9711 508.0851 508.1534 508.1311 508.5151 508.5537 508.5352 508.4589 508.6742 508.6638 508.6086 508.6217 508.9047 508.8631 508.6856 508.2797 508.0059 508.5338 508.5475 508.6244 508.3242 508.1714 508.1886 508.3012
508.0262 508.0295 508.0197 508.1517 508.4961 508.6145 508.5720 508.2787 508.1889 508.3098 508.6303 509.7766 509.8867 509.6800 509.1139 508.4127 508.8569 509.2322 509.1671 508.1573 508.1103 508.2249 508.8328 509.5233 509.0561 508.3469 508.3606 508.5784 508.3188 508.3223 508.4289 508.3289 508.0702 508.1616 508.0533 507.9731 508.1619 508.1322 508.0369 508.3663 508.6998 508.7916 508.6308 508.3722 508.3181 508.2159 508.1908 508.5705 508.5491 508.4558 508.2703 508.1483 508.2734 508.3334 508.2297 508.1913 508.1677 508.2170 508.3050
508.1131 508.0334 508.0009 508.1503 508.1505 508.1650 508.1714 508.0978 508.1088 508.2031 508.1970 508.7594 509.4458 509.8547 509.8717 508.8872 508.5145 508.5811 509.0170 509.0355 508.4388 508.1286 508.1744 509.0411 509.4925 509.3764 508.7717 508.3698 508.4337 508.3358 508.3105 508.1091 508.2274 508.2495 508.1455 507.9303 508.0862 508.0092 508.0091 508.4584 508.6561 508.7831 508.7725 508.4992 508.4205 508.4333 508.4062 508.3467 508.2911 508.0441 507.9242 508.0075 507.9089 507.7744 507.6520 507.7227 507.8645 508.0739 508.2258
508.2183 508.1144 508.0312 508.0972 508.1161 508.0809 508.0948 508.1495 508.1125 508.2527 508.2242 508.1817 508.4739 509.0003 509.6248 509.8248 509.3806 508.7645 508.4377 509.0994 509.1919 508.8845 508.2992 508.1769 508.4427 509.1440 509.5014 508.6358 508.1724 508.2285 508.2278 508.0264 508.0511 508.0847 508.0963 507.9547 508.0055 508.2295 508.2703 508.4850 508.5917 508.7234 508.8966 508.8116 508.6183 508.5670 508.6456 508.0864 507.8494 507.5825 507.6731 507.9370 507.8755 507.5648 507.5350 507.6097 507.7208 507.9736 508.1935
508.3128 508.2319 508.1987 508.1011 508.1669 508.1988 508.2398 508.0759 508.0591 508.1716 508.1512 508.1075 508.2250 508.3813 508.5859 509.7414 509.9041 509.7436 509.1856 508.4777 508.7620 509.1203 509.1383 508.1756 508.0677 508.1261 508.6142 509.4630 509.0587 508.4163 508.1031 508.0124 508.0391 508.1038 508.0489 507.9556 508.0162 508.2270 508.3400 508.2008 508.2938 508.6761 508.9319 508.9245 508.7789 508.5683 508.6139 508.0424 507.7392 507.5473 507.7292 508.0664 507.9352 507.5970 507.5581 507.6859 507.8020 508.0461 508.0788
508.6334 508.6762 508.9667 509.3045 509.3119 509.2720 509.3534 509.1472 508.7762 508.5683 508.4409 508.6223 508.7388 508.7153 508.6339 508.3467 508.4322 508.8127 509.4995 509.8789 509.4695 508.7701 508.4200 508.9195 509.1178 508.8694 508.3039 508.0988 508.2584 508.9869 509.4342 508.6933 508.2047 508.1652 508.0762 508.1070 508.0195 507.9561 507.9908 507.9995 508.0883 508.4591 508.6484 508.5691 508.5145 508.4020 508.2859 508.0611 508.0887 508.1741 508.2159 508.3419 508.3875 508.4267 508.3544 508.3472 508.1469 508.0917 508.1440
509.3041 509.3367 509.5345 509.7592 509.6914 509.6553 509.8275 509.8772 509.6584 509.3566 509.1476 509.0739 508.9831 508.7751 508.5691 508.5131 508.5225 508.3508 508.4887 509.6864 509.9230 509.7958 -99999.0000 -99999.0000 -99999.0000 -99999.0000 -99999.0000 -99999.0000 508.0727 508.1764 508.5469 509.3825 509.1925 508.5070 508.0512 508.2414 508.1295 508.0420 507.9835 507.9755 508.0734 508.2989 508.3705 508.0355 508.0030 507.9866 508.0267 508.1214 508.1742 508.2967 508.3766 508.3747 508.3645 508.4197 508.4531 508.3481 508.1058 508.0353 508.0556
509.5316 509.7008 509.8305 509.9016 510.0081 510.1429 510.3200 510.3573 510.0358 509.6556 509.4225 509.2786 509.0473 508.7408 508.2874 -99999.0000 -99999.0000 -99999.0000 -99999.0000 -99999.0000 -99999.0000 -99999.0000 -99999.0000 -99999.0000 -99999.0000 -99999.0000 -99999.0000 -99999.0000 -99999.0000 -99999.0000 508.1440 508.6717 509.2737 509.3120 508.8661 508.3277 508.1197 507.9664 507.9695 507.9859 508.0391 508.2089 508.2423 507.9833 507.9547 507.8989 507.9752 508.2650 508.1605 508.2297 508.3401 508.3156 508.3461 508.3895 508.4420 508.3423 508.1536 508.0592 508.0239
509.7966 509.9928 510.1725 510.3925 510.3372 510.3252 510.3951 510.3361 -99999.0000 -99999.0000 -99999.0000 -99999.0000 -99999.0000 -99999.0000 -99999.0000 -99999.0000 -99999.0000 -99999.0000 -99999.0000 -99999.0000 -99999.0000 -99999.0000 -99999.0000 -99999.0000 -99999.0000 -99999.0000 -99999.0000 -99999.0000 -99999.0000 -99999.0000 -99999.0000 508.1176 508.3292 508.8855 509.2625 508.7947 508.2755 508.0008 508.0369 508.0600 508.1635 508.0787 508.1095 507.8669 507.9120 507.9124 507.9625 508.1014 508.1467 508.2256 508.3573 508.2572 508.2167 508.1387 508.1680 508.1941 508.1097 508.0598 507.9872
510.3816 -99999.0000 -99999.0000 -99999.0000 -99999.0000 -99999.0000 -99999.0000 -99999.0000 -99999.0000 -99999.0000 -99999.0000 -99999.0000 -99999.0000 -99999.0000 -99999.0000 -99999.0000 -99999.0000 -99999.0000 -99999.0000 -99999.0000 -99999.0000 -99999.0000 -99999.0000 -99999.0000 -99999.0000 -99999.0000 -99999.0000 -99999.0000 -99999.0000 -99999.0000 -99999.0000 -99999.0000 -99999.0000 508.1338 508.0528 508.5864 509.1826 509.2803 509.0070 508.3362 508.2608 508.0884 507.9105 507.9111 507.8987 508.1420 507.8841 508.0044 507.9836 508.2503 508.1288 507.9009 507.8701 507.8365 507.8814 507.8365 507.8491 507.9319 507.8926
-99999.0000 -99999.0000 -99999.0000 -99999.0000 -99999.0000 -99999.0000 -99999.0000 -99999.0000 -99999.0000 -99999.0000 -99999.0000 -99999.0000 -99999.0000 -99999.0000 -99999.0000 -99999.0000 -99999.0000 -99999.0000 -99999.0000 -99999.0000 -99999.0000 -99999.0000 -99999.0000 -99999.0000 -99999.0000 -99999.0000 -99999.0000 -99999.0000 -99999.0000 -99999.0000 -99999.0000 -99999.0000 -99999.0000 -99999.0000 -99999.0000 508.0586 508.2081 508.7981 509.2469 508.8561 508.1949 507.9831 507.8764 507.9749 507.9225 507.9292 507.9362 508.0170 508.0630 508.2719 508.2294 507.9256 507.8928 507.9100 507.8575 507.7958 507.7656 507.7808 507.8925
-99999.0000 -99999.0000 -99999.0000 -99999.0000 -99999.0000 -99999.0000 -99999.0000 -99999.0000 -99999.0000 -99999.0000 -99999.0000 -99999.0000 -99999.0000 -99999.0000 -99999.0000 -99999.0000 -99999.0000 -99999.0000 -99999.0000 -99999.0000 -99999.0000 -99999.0000 -99999.0000 -99999.0000 -99999.0000 -99999.0000 -99999.0000 -99999.0000 -99999.0000 -99999.0000 -99999.0000 -99999.0000 -99999.0000 -99999.0000 -99999.0000 -99999.0000 508.0612 508.0759 508.3428 509.2430 509.1172 508.4508 508.0114 507.9171 507.9102 508.0166 508.2286 508.2437 508.1647 508.2244 508.2761 507.9350 507.8340 507.9089 507.8827 507.8205 507.7850 507.7608 507.9584
-99999.0000 -99999.0000 -99999.0000 -99999.0000 -99999.0000 -99999.0000 -99999.0000 -99999.0000 -99999.0000 -99999.0000 -99999.0000 -99999.0000 -99999.0000 -99999.0000 -99999.0000 -99999.0000 -99999.0000 -99999.0000 -99999.0000 -99999.0000 -99999.0000 -99999.0000 -99999.0000 -99999.0000 -99999.0000 -99999.0000 -99999.0000 -99999.0000 -99999.0000 -99999.0000 -99999.0000 -99999.0000 -99999.0000 -99999.0000 -99999.0000 -99999.0000 -99999.0000 -99999.0000 508.1092 508.3928 508.9719 509.2191 508.8933 507.9933 508.0895 508.2164 508.2944 508.1348 508.0769 508.1083 508.1426 508.0961 508.0300 507.9192 507.9563 507.8287 507.8042 507.7798 507.9672
