dem/basin5.asc
NCOLS 471
NROWS 482
XLLCORNER 313420.000000
YLLCORNER 5632511.000000
CELLSIZE 10.000000
NODATA_VALUE -99999.000000
[rows 364 to 389 of 482, columns 295 to 353 of 471]
507.0833 506.9842 506.9430 506.6620 506.4760 506.3301 506.2444 506.0769 506.0041 506.1509 506.2789 506.0150 506.1608 506.3552 506.3961 505.8764 505.6056 505.4206 505.3620 505.5598 505.4694 505.2128 504.8894 505.0933 505.1744 505.1548 504.9950 504.5801 504.7719 505.0286 505.2095 505.2314 504.9325 504.6852 504.5753 504.3584 504.2292 504.8770 505.0519 504.5789 504.5081 504.2816 504.0408 503.8275 503.6714 503.5417 503.4477 502.4506 501.6191 500.7945 500.1591 501.4030 502.1980 502.1745 501.7098 501.7822 501.8486 501.7811 501.5986
507.2367 507.1031 507.0854 506.7291 506.4422 506.3031 506.2628 506.0812 505.9911 506.1769 506.3834 506.3659 506.4684 506.4827 506.4094 506.1408 505.9031 505.6267 505.4009 505.6105 505.5648 505.3945 505.1516 505.2075 505.3139 505.2828 505.0736 504.6756 504.9203 505.1661 505.2870 505.1486 504.8580 504.6046 504.5184 504.4372 504.2044 504.9177 504.8773 504.3887 504.2675 504.0920 503.9236 503.9460 503.8061 503.6680 503.6605 503.0064 502.2311 501.0711 500.0280 500.4103 501.1895 501.2762 500.8697 501.0052 501.2523 501.2530 501.0453
507.4961 507.3709 507.3075 506.8003 506.4733 506.3617 506.3753 506.1253 505.9761 506.1681 506.4650 506.7056 506.6955 506.4992 506.3023 506.1341 505.9487 505.7516 505.6035 505.6071 505.5433 505.4383 505.3474 505.3225 505.3222 505.2332 505.0406 504.8119 504.9766 505.1205 505.1741 505.0058 504.7644 504.5497 504.4648 504.3628 504.0794 504.7359 504.6517 504.2759 504.1058 503.9645 503.8844 503.9692 503.7652 503.6316 503.6558 503.2709 502.5724 501.3995 500.1162 499.4338 499.8202 499.9267 499.7337 500.3736 500.8822 500.8205 500.3130
507.7467 507.6167 507.4909 506.8990 506.6280 506.5697 506.6083 506.2177 506.0544 506.2339 506.5519 506.8975 506.7288 506.3698 506.1286 506.0314 505.9217 505.8073 505.6956 505.3887 505.3106 505.3734 505.4844 505.3192 505.1369 504.9722 504.8122 504.8044 504.9012 504.9436 504.9540 504.8226 504.6148 504.4242 504.3467 504.1644 503.9778 504.6008 504.5700 504.2916 504.1288 503.9917 503.9408 503.8789 503.6348 503.4661 503.4386 503.0678 502.4900 501.5428 500.3894 498.8331 498.6614 498.6058 498.6078 499.8958 500.4903 500.2536 499.3853
508.0961 507.9174 507.6703 507.1052 506.9824 506.9189 506.8448 506.4495 506.4541 506.8128 507.1600 506.7648 506.3134 506.0309 506.0719 506.2305 505.9359 505.6952 505.6227 505.2770 505.1780 505.2367 505.4059 505.0797 504.8301 504.6772 504.5645 504.6319 504.6617 504.7100 504.7433 504.5258 504.3567 504.2712 504.2139 503.6842 503.8231 504.3030 504.6250 504.4239 504.2016 503.9542 503.7903 503.5195 503.1705 502.7416 502.4817 502.0247 501.6852 501.0840 500.4214 499.5822 498.8737 497.8535 497.1275 498.1620 498.3000 497.7562 496.9347
508.1686 507.9741 507.7342 507.3222 507.2495 507.0722 506.8372 506.5645 506.7256 507.1517 507.4175 506.6692 506.2830 506.1862 506.3595 506.2083 505.7372 505.4911 505.5938 505.5477 505.3194 505.1656 505.2298 505.1041 504.8517 504.6508 504.4484 504.4047 504.5694 504.7731 504.8053 504.3973 504.2913 504.2583 504.1786 503.5909 503.8319 504.4275 504.8659 504.5934 504.0967 503.7069 503.4612 503.0581 502.7028 502.3458 502.0551 501.5778 501.2303 500.5916 499.8491 499.3822 498.9398 497.7955 496.7012 496.9744 496.9172 496.5008 495.9789
508.1725 508.0073 507.8127 507.5031 507.4116 507.1580 506.8572 506.7417 507.0350 507.3803 507.4306 506.5851 506.3560 506.4269 506.5685 506.0597 505.5912 505.4836 505.7073 505.7625 505.5248 505.2634 505.2428 505.1780 504.8366 504.4869 504.1664 504.2972 504.6352 504.8872 504.7858 504.2019 504.1117 504.0531 503.9286 503.5269 503.6958 504.4598 504.9301 504.5488 503.8511 503.2939 502.9702 502.4755 502.1027 501.8237 501.5798 501.3000 500.9647 500.2528 499.3230 498.4777 498.1328 497.2274 496.3506 496.1352 496.0697 495.5283 494.8188
508.2909 508.2303 508.0922 507.6844 507.4738 507.1842 506.9001 506.9802 507.3161 507.4453 507.2367 506.4435 506.3703 506.5730 506.6512 505.9810 505.6688 505.6691 505.8777 505.8047 505.5550 505.3112 505.3219 505.2274 504.7608 504.2897 504.0198 504.4766 504.7816 504.9472 504.7119 504.0722 503.9358 503.7864 503.5756 503.3903 503.6297 504.2050 504.5036 504.1470 503.4292 502.7955 502.4052 501.8650 501.5156 501.1761 500.9281 500.9869 500.5645 499.7056 498.7131 497.2697 496.9539 496.3644 495.9537 495.6055 495.1217 494.6611 494.3255
508.4658 508.5814 508.4797 507.7703 507.4217 507.2391 507.1613 507.2844 507.2834 507.0034 506.5914 506.2653 506.4655 506.6570 506.6391 505.9702 505.8106 505.7972 505.8255 505.6594 505.4391 505.2781 505.4116 505.4872 505.0559 504.6075 504.3427 504.5895 504.7555 504.7517 504.5727 504.1014 503.9506 503.7364 503.5269 503.2750 503.4347 503.2991 503.2336 502.5349 502.0591 501.6277 501.3475 500.7673 500.5128 500.0556 499.4477 499.3331 498.4741 497.4069 496.5158 495.6105 495.5316 495.2217 494.9572 494.6148 494.3633 494.0722 493.7845
508.3114 508.4158 508.3202 507.6478 507.3950 507.3103 507.3030 507.2269 507.0977 506.8438 506.5397 506.5201 506.6761 506.6603 506.4614 505.8777 505.7747 505.7466 505.7271 505.6084 505.5295 505.4931 505.6006 505.6083 505.1963 504.7336 504.3973 504.4411 504.5620 504.5411 504.4020 504.0883 504.0045 503.9146 503.7656 503.2966 503.4239 503.1458 502.5638 501.6647 501.2272 500.9125 500.7622 500.1816 500.0474 499.5958 498.7456 497.9763 497.1088 496.2141 495.6069 495.2169 494.8533 494.3869 494.2320 494.0669 493.8613 493.5100 493.2972
508.1678 508.2109 508.1128 507.6288 507.4789 507.3817 507.3056 507.0497 506.9016 506.7656 506.6205 506.7994 506.8298 506.5967 506.2592 505.7809 505.7317 505.7523 505.7366 505.6231 505.6541 505.7128 505.7564 505.5475 505.1638 504.7211 504.3728 504.2789 504.3241 504.2975 504.1602 503.9064 503.8700 503.8337 503.6744 503.0820 503.0325 502.7619 502.0639 500.8892 500.3681 500.1164 500.1016 499.5580 499.5598 499.2005 498.1725 496.5703 495.9755 495.4067 495.1434 494.0798 493.6052 493.2795 493.1667 493.2150 493.1227 493.1233 493.0922
508.1528 508.1125 508.0519 507.7156 507.5870 507.4366 507.2578 506.8541 506.7558 506.7252 506.6753 506.8020 506.7288 506.4251 506.0869 505.7048 505.7175 505.7945 505.8150 505.6817 505.6644 505.6991 505.6645 505.3225 504.9830 504.6094 504.2967 504.1194 504.1147 504.0719 503.9537 503.7081 503.6294 503.4433 503.1816 502.5223 502.4536 502.1331 501.5614 500.3595 499.7206 499.3524 499.3264 498.8428 498.7728 498.3648 497.3698 495.6973 495.4012 495.0085 494.2823 493.1580 493.2734 493.3725 493.4078 493.4206 493.3841 493.3836 493.4445
508.0489 507.9691 507.8944 507.6995 507.5467 507.3134 507.0361 506.6680 506.5428 506.4658 506.3956 506.2939 506.2169 506.1116 505.9500 505.6694 505.6627 505.7467 505.7762 505.4869 505.3019 505.1638 505.0520 504.8727 504.6602 504.4375 504.2208 503.9416 503.7931 503.6019 503.5206 503.3370 503.0747 502.6286 502.1644 501.5428 501.3636 501.1184 500.6197 500.1269 499.4579 498.4752 497.7833 497.1877 496.5781 496.0452 495.5137 494.6789 494.0784 493.4883 493.1597 493.6339 493.5867 493.5570 493.5488 493.8062 493.9583 494.2000 494.2556
508.0142 507.9269 507.8534 507.7238 507.6038 507.4059 507.1172 506.7250 506.5408 506.3433 506.2123 506.1373 506.1048 506.0463 505.9298 505.5964 505.5539 505.5980 505.5483 505.2422 505.2167 505.1775 505.1564 504.8644 504.6439 504.4803 504.2819 504.1806 504.0576 503.6602 503.1586 502.8583 502.5981 502.2292 501.7683 501.1444 500.8370 500.6653 500.0798 499.9160 499.3597 498.2072 497.2084 496.3942 495.8874 495.5525 495.0903 493.7891 493.3589 493.1330 493.5047 493.5783 493.5375 493.5598 493.6875 494.1884 494.3323 494.5074 494.5572
508.0084 507.8992 507.8689 507.7729 507.6264 507.4437 507.1525 506.7675 506.5447 506.2908 506.1070 506.0178 505.9766 505.9191 505.8356 505.5190 505.4275 505.4124 505.2497 505.0867 505.3036 505.4780 505.5184 505.0230 504.7556 504.6006 504.4128 504.3489 504.2473 503.7896 503.0234 502.1864 502.0483 501.8989 501.5016 500.6541 500.1983 500.3669 499.6125 499.2591 498.6284 497.5273 496.6458 495.8381 495.4731 495.1008 494.5098 493.3020 493.1206 493.4439 493.7230 493.5328 493.5961 493.7714 493.9936 494.4942 494.5869 494.6237 494.8152
507.9769 507.9263 507.9995 507.9291 507.6605 507.3959 507.1459 506.7498 506.4884 506.2378 506.0909 506.0259 505.8919 505.7650 505.6695 505.4069 505.2692 505.1773 505.0175 505.0695 505.4294 505.6997 505.6789 505.0900 504.8538 504.7161 504.5438 504.2784 504.0948 503.6505 502.9680 501.7336 501.4242 501.3898 501.1444 500.0783 499.6562 499.9504 499.1100 498.0625 497.3914 496.5678 495.9491 495.5034 495.0388 494.4108 493.9136 493.1465 493.3311 493.6412 493.5789 493.6742 493.9259 494.0459 494.2126 494.5706 494.8230 494.9105 495.0908
507.8572 508.0413 508.3442 508.2744 507.8633 507.5367 507.3387 506.8859 506.5215 506.3064 506.3312 506.2602 505.9706 505.7783 505.6280 505.3467 505.2434 505.1519 505.0187 505.2922 505.5251 505.5661 505.4345 505.1531 504.9953 504.7962 504.5173 503.9489 503.5995 503.1853 502.6645 501.5945 500.8748 500.1244 499.6555 498.7292 498.2964 498.4587 497.6714 496.1425 495.7261 495.2680 494.7048 494.2269 493.8880 493.5072 493.2325 493.6195 493.5986 493.6867 493.8466 494.0363 494.1377 494.3091 494.5009 495.1672 495.5222 495.7786 496.3717
507.8944 508.1206 508.3889 508.3242 508.0420 507.7544 507.5391 506.9730 506.6192 506.4745 506.5655 506.3342 506.0316 505.8833 505.7828 505.5856 505.4906 505.3597 505.2658 505.4608 505.4617 505.4158 505.3037 505.1542 504.9817 504.6841 504.3322 503.7722 503.4022 502.9525 502.4080 501.3325 500.7538 500.0547 499.2766 498.0262 497.5956 497.4537 496.7364 495.6539 495.2715 494.6386 494.2472 493.7283 493.7713 493.8337 493.3092 493.6517 493.7392 493.8745 493.9424 494.1813 494.4628 494.6784 494.9135 495.8386 496.3353 496.4145 496.8675
507.9761 508.1897 508.3627 508.3337 508.1539 507.9109 507.6619 507.0992 506.8653 506.8105 506.8867 506.4228 506.1594 506.0614 506.0017 505.8736 505.7586 505.6030 505.5234 505.4962 505.4025 505.3181 505.2173 505.0417 504.8398 504.5223 504.1447 503.4520 502.9887 502.4773 501.9702 501.0934 500.6845 500.1634 499.3600 497.4760 497.1448 496.7055 495.8467 494.9683 494.7517 494.3862 493.9331 493.2978 493.5691 493.5392 493.5970 493.8362 493.8895 493.9864 494.0961 494.5187 494.8708 495.1864 495.6696 496.7405 497.1044 496.9700 497.2917
508.0894 508.2519 508.3502 508.3616 508.2480 508.0358 507.8024 507.4394 507.2581 507.1397 507.0750 506.5180 506.3478 506.2861 506.1905 505.9430 505.8516 505.7134 505.5777 505.4485 505.4212 505.3373 505.1986 504.9436 504.6756 504.3608 503.9231 502.9467 502.4147 501.8686 501.4014 500.7675 500.4445 499.9492 499.0869 497.0947 496.6859 496.2414 495.5169 494.4702 494.3177 493.9771 493.4359 493.3560 493.4536 493.6192 493.7592 493.9653 494.0442 494.1592 494.3642 494.9409 495.4166 496.0142 496.6494 497.5194 497.6377 497.3940 497.7122
508.3422 508.3962 508.4406 508.3816 508.3058 508.1553 507.9692 507.7602 507.5081 507.2703 507.1102 506.8439 506.7845 506.6658 506.3695 506.0347 506.0396 505.9442 505.6897 505.5014 505.5558 505.4709 505.2042 504.4317 504.0134 503.6145 503.1464 502.0147 501.4973 500.9264 500.3112 499.1786 498.7877 498.2867 497.3630 495.7995 495.9105 495.1024 494.7175 493.8659 493.5178 493.2825 493.5742 493.6852 493.8014 493.9122 494.0667 494.3695 494.6313 494.8817 495.3174 496.6817 497.3667 497.8494 498.1586 498.2987 498.1475 498.2756 498.6194
508.4152 508.4124 508.4213 508.3636 508.2608 508.0958 507.9347 507.6850 507.4647 507.3175 507.2003 506.9889 506.9311 506.7664 506.4103 506.0220 506.0131 505.8784 505.6122 505.4916 505.5016 505.3192 504.9427 503.9441 503.5514 503.2316 502.8406 501.8148 501.3213 500.8306 500.2577 498.6227 497.8689 497.2391 496.4614 495.4261 495.5131 494.8172 494.5053 493.6986 493.4234 493.4730 493.6236 493.7960 493.9086 494.0239 494.2105 494.7141 495.0006 495.4977 496.1402 497.4894 498.0219 498.3591 498.5419 498.4314 498.4406 498.6602 499.0355
508.4199 508.3337 508.2872 508.2670 508.1958 508.0420 507.9066 507.6239 507.4794 507.4175 507.3439 507.0739 506.9841 506.7701 506.3502 505.8484 505.7489 505.5763 505.3789 505.2989 505.2359 504.9864 504.5222 503.4874 503.1489 502.8956 502.5692 501.6414 501.1705 500.6970 500.1237 498.3492 497.3258 496.4694 495.8089 495.3119 495.1078 494.6553 494.3273 493.5772 493.3369 493.6288 493.7100 493.9033 494.0327 494.1995 494.5005 495.1123 495.6403 496.3116 497.0422 498.0805 498.4470 498.6827 498.7497 498.6336 498.7669 499.0347 499.4830
508.3491 508.2194 508.1517 508.0759 508.0876 508.0116 507.9197 507.6100 507.4973 507.4705 507.4378 507.0584 506.8431 506.5864 506.2249 505.7225 505.5584 505.3802 505.2455 505.0475 504.8438 504.5473 504.0628 503.1588 502.8656 502.6119 502.2411 501.3474 500.8566 500.2780 499.6270 497.9228 496.9605 496.0448 495.3405 495.1277 494.8478 494.4106 494.3430 493.3214 493.6227 493.7274 493.7778 494.1945 494.2700 494.5176 494.8280 495.8066 496.4741 497.1753 497.7709 498.5023 498.7283 498.8340 498.8456 498.8847 499.0928 499.4464 500.0078
508.1595 508.1738 508.1284 507.8976 507.8838 507.9195 507.8824 507.7597 507.7291 507.7180 507.5803 506.8353 506.5291 506.3181 506.1222 505.7349 505.5342 505.4012 505.3416 504.8367 504.3383 503.8814 503.5127 502.8411 502.4969 502.1567 501.7245 500.5570 499.9314 499.3298 498.6528 496.8914 495.9370 495.1339 494.8583 494.4651 494.2211 493.7219 493.7689 493.8020 493.7358 493.8638 494.0570 494.5597 494.7550 495.2588 496.0275 497.5570 498.0791 498.3805 498.6205 498.9305 498.9692 498.9559 499.0017 499.3981 499.8300 500.4233 501.1397
508.0819 508.2000 508.2458 508.0733 507.9939 508.0030 507.9481 507.8834 507.8908 507.9000 507.7319 506.8448 506.5536 506.3089 506.1108 505.5555 505.3000 505.1674 505.0578 504.4034 503.9264 503.4930 503.1092 502.4923 502.1639 501.8326 501.4202 500.3000 499.7533 499.2084 498.4824 496.4951 495.5323 494.8542 494.7395 494.2513 493.7656 493.6599 493.9334 493.8767 493.8694 494.1144 494.2740 494.7530 495.2569 495.9495 496.7812 498.0808 498.4550 498.6591 498.8417 498.9930 499.0128 499.0478 499.1519 499.7434 500.3055 501.0250 501.7550
